4.185623590408383166e+00
3.029685982016194767e+00
3.510031202017624086e+00
4.064084631023050953e+00
4.055281799703732482e+00
2.445430895163414053e+00
3.244499482926694434e+00
2.520693152755359101e+00
2.657322156401986213e+00
3.179816009795228826e+00
2.613008194842914911e+00
1.775313176921111902e+00
1.227368766285461099e+00
2.533006087590299327e+00
2.241782958679283233e+00
1.875693983426888423e+00
2.503644500080935753e+00
2.499985911658503923e+00
2.533233999761201893e+00
4.081250606621411592e+00
2.309622983390055229e+00
2.460523029548080221e+00
1.557024386896067369e+01
3.493832462635128699e+00
1.847249936766709011e+00
2.485148385154066109e+00
3.924514507002213826e+00
1.987200817813242981e+00
4.704934599231329173e+00
4.368485521625707690e+00
