 1   -6  -8  -6  -2  -1   5   5   2    2   2  -3  -8 -10 -12  -6  -6   -6  -7  -6  -4  -6  -6  -6  -5
 2   -4  -2  -1   1   0   0   0  -2   -5  -5  -6  -4  -2   3   5   4    4   5   4   1   0   1  -2  -6
 3   -9  -7  -5  -2   1   2   3   5    3   2   1   3   2   1   1   2    2  -1   0   1   1   1   0  -2
 4   -5  -3  -3   0   1   2  -1   1    4   6   4   5   4   2   1  -1   -1   1   2   2   3   4   4   3
 5    1   2   0  -2   1   2   2   3    3   4   2   1  -3  -2   1   3    4   5   5   6   7   7   8   8

 6    6   5   5   9  14  15  16  12   10  10  12  15  15  12  12  14   15  10   5  -2 -12 -26 -28 -35
 7  -48 -52 -51 -45 -34 -28 -31 -35  -31 -23 -23 -24 -25 -23 -21 -18  -17 -17 -17 -16 -16 -14 -14 -17
 8  -20 -19 -16 -13 -13 -13 -11  -8   -6  -3   0   3   0  -1   1   3    2   3   0  -2  -5  -5  -8  -7
 9   -5  -2  -2  -2  -5  -3  -2  -1    0   2   1   3   3   3   2   4    7   8   7  -4  -5   2   4   1
10    2   5   5  10   8  -1  -2  -1   -1   4  -5  -2   7   7   7   3   -1  -6  -5   2  10   6  -4 -11

11  -24 -22 -19 -16 -16 -15 -13 -15  -12 -11 -11 -13 -11 -10  -9 -11  -15 -16 -15 -12 -15 -16 -16 -16
12  -17 -16 -13  -9  -8 -11 -13 -12  -11 -12 -13 -12 -11  -8  -5  -3   -4  -6  -5  -3  -1  -1  -1  -2
13   -4  -5  -6  -5  -3  -3  -4  -3   -3  -4  -3  -3  -7  -7  -5  -2   -3  -3  -4  -2   0   1   0  -2
14   -3  -3  -3  -2   0   2   3   5    8  11  14  14  12   6   1  -1   -2  -3  -2   0   1   6   9  13
15   14  14  10  11  17  18  14  11   13   7   1   6  10   8   4   4    1  -1  -2   1   5   3   6   7

16    6   2   1   0   0   1   2   4    3   0  -2  -3  -4  -2  -3  -4   -5  -6  -4  -5  -6  -6  -4  -2
17   -3  -6  -6  -4   0   3   1  -1   -3  -3  -3   0   1   3   5   3    7   5   6   6   5   4   0  -1
18    1   5   7  15  18  15  11   0  -24 -23 -17 -15 -11  -8 -14 -28  -31 -21 -26 -26 -36 -24 -33 -43
19  -48 -47 -45 -42 -41 -29 -40 -42  -37 -29 -26 -30 -30 -26 -25 -24  -25 -28 -26 -25 -23 -33 -41 -37
20  -35 -33 -31 -34 -34 -29 -36 -41  -34 -33 -30 -26 -23 -19 -20 -20  -22 -27 -29 -23 -26 -27 -28 -27

21  -27 -28 -30 -30 -26 -22 -17 -18  -19 -21 -17 -15 -14 -13 -17 -21  -26 -37 -34 -33 -31 -29 -26 -27
22  -25 -30 -36 -33 -27 -27 -23 -20  -19 -19 -19 -18 -19 -19 -19 -17  -17 -16 -17 -22 -25 -24 -18 -17
23  -20 -23 -23 -21 -20 -20 -18 -18  -17 -17 -17 -17 -17 -17 -15 -12  -13 -13 -13 -13 -12 -11 -10 -10
24  -11 -13 -15 -12  -9  -7  -8  -8   -6  -3  -3  -7  -4  -5  -1   1    2   1  -2  -7 -13 -15 -13 -15
25  -16 -15 -15 -11 -11 -11 -16 -15  -17 -14 -10  -9  -7 -11 -12 -12  -11 -11 -10 -10  -6  -4   0   3

26    2  -3 -10 -10  -6  -5  -4  -4   -2  -2  -1  -4  -1   5   2   0   -4 -13 -18 -15 -11  -7  -3  -9
27  -17 -29 -26 -26 -22 -20 -18 -16  -11  -9  -7  -4  -3  -5  -6 -11  -10  -7  -6  -8  -9  -9 -18 -18
28  -10  -8 -10 -11 -13 -14 -12  -9   -7  -7  -9 -10  -8  -8  -9  -9  -10 -11 -11 -10  -9  -9 -10  -7
29   -6  -8 -11 -11 -11 -14 -13 -11   -8  -4  -2   1   4   4   4   3    5   4   2  -4 -11 -16 -17 -13
30  -11 -13 -14 -10  -4  -2  -3  -3   -3  -3  -4  -4  -6  -9  -8  -5   -3  -2   0  -2  -3  -2  -4  -1

31    0  -1   0   2   4   3   3   1    0  -2   0  -2 -11 -15 -13  -9   -6  -6  -8 -11  -8  -7  -7  -7
