 1   -6  -7 -11 -11 -10 -13 -13 -10  -12 -16 -14 -13 -13 -10 -13 -20  -24 -15  -7 -11 -17 -24 -20 -18
 2  -23 -25 -22 -20 -25 -24 -19 -15  -16 -10  -9 -13 -15 -14 -22 -26  -21 -15 -11 -11 -14 -14  -6   0
 3    1   0  -7 -11 -12 -10  -7  -5   -2  -7 -13 -17 -13 -15 -14 -14  -11 -10  -8  -5  -2   0   3   3
 4    6   5   5   3  -4  -3  -2  -4   -3  -4  -7 -11 -12  -8  -7  -7   -6  -5  -2  -1  -3  -2   0   2
 5    1  -1  -6  -7  -4  -4  -8  -4   -3   0  -4  -3   0   2   3   3    2   2   5   6   2   0   0  -2

 6   -1  -1   0   2   3   1  -1   1    4   9  10   9   9  10  10   9    8   7   9  10   8   9  11  11
 7    7   5   5   3   3   3   7   8    8   8   8   5   6   6   5   4    7   6   7   6   4   1  -2  -3
 8   -1  -1   2   4   5   5   4   1   -5  -2   0   0   0   1   2   2    2   3   3   3   4   4   5   4
 9    3   3   3   4   2   2   7   9    3   3   7  18  12   7  -4 -17  -28 -42 -58 -53 -40 -49 -70 -72
10  -60 -60 -62 -72 -70 -78 -63 -60  -70 -57 -53 -46 -42 -41 -47 -43  -41 -37 -36 -43 -38 -43 -40 -42

11  -42 -36 -32 -33 -36 -36 -31 -28  -24 -24 -20 -19 -19 -19 -18 -36  -37 -46 -38 -42 -47 -52 -62 -63
12  -51 -50 -46 -51 -48 -47 -39 -40  -34 -32 -33 -29 -29 -27 -28 -27  -30 -30 -27 -25 -26 -26 -24 -23
13  -25 -27 -26 -25 -22 -21 -30 -35  -36 -25 -24 -30 -28 -32 -35 -37  -34 -32 -29 -28 -33 -36 -34 -34
14  -30 -28 -27 -26 -26 -28 -26 -24  -25 -26 -27 -34 -34 -24 -22 -24  -24 -23 -26 -34 -35 -36 -37 -36
15  -31 -28 -28 -27 -29 -28 -23 -21  -20 -23 -22 -24 -23 -20 -14 -16  -21 -22 -28 -27 -18 -24 -25 -27

16  -23 -24 -22 -20 -20 -24 -23 -16  -11 -10 -11 -14 -14 -17 -18 -14  -16 -13 -10 -12 -20 -23 -27 -27
17  -27 -26 -21 -18 -22 -24 -20 -14  -10 -10 -12 -16 -16 -15 -12 -10   -8  -7  -8 -11 -14 -18 -18 -16
18  -22 -22 -23 -25 -27 -25 -27 -26  -22 -19 -15 -15 -15 -16 -17 -16  -17 -15 -16 -22 -28 -26 -17 -13
19  -13 -16 -17 -13 -14 -15 -14  -8   -2  -1  -1  -5  -6  -8  -9  -9   -8 -10 -10  -7  -6   0   3   3
20    3  -2 -13 -15 -13  -9  -7  -4   -3  -3  -2   0  -1  -3   1  -1   -8  -6  -5 -11 -16 -18 -15 -11

21  -10 -10  -6  -5  -5  -5  -5  -6   -3  -5  -4 -12 -19 -17 -12 -10  -14 -16 -15 -13 -12 -12  -8  -6
22   -3  -6 -12 -11 -11  -7 -10  -9   -5  -6  -4  -5  -8  -8  -7  -7   -6  -6  -5  -6 -11 -13 -18 -24
23  -24 -19 -14 -11  -9 -11 -12  -9   -5  -5  -5  -2  -1  -1   0  -1   -2  -3  -7 -10  -8  -9 -10 -10
24   -6  -3  -5   0  -1  -1  -2   2    4   4   4   3   2   2   1   1    1   3   8   8   9  10   9  11
25   13  10   9  10  11  11  13  13   13  10  11  14  15  17  16  17   16  13   5   5   9  15  14  12

26   14  15  11  12  12  13  13  14   13   8   6   8   9   0  -9 -15  -12  -9  -3  -6 -13 -10  -6  -6
27   -5  -6  -7  -4   1   3   3   2    8   9   3  -5  -2  -1   0  -4   -6 -20 -17 -12 -12 -15 -35 -35
28  -29 -26 -26 -33 -38 -34 -25 -21  -25 -27 -25 -23 -19 -17 -16 -17  -18 -20 -22 -22 -19 -19 -19 -17
29  -14 -12 -14 -16 -16 -14 -11  -6   -6 -12 -13  -8  -3  -7 -13 -14  -17 -14 -10  -9  -8  -9 -11 -10
30   -8  -5  -5  -6  -8  -7 -10  -9   -9  -6 -12 -17 -18 -19 -20 -18  -15 -12 -12 -13 -12 -10  -9  -9

31  -11 -11 -10  -8  -7  -5  -4   0   -2  -1  -1  -3  -4  -6  -9 -11  -13 -13 -13 -13 -10  -7  -8  -8