 1  -14 -10 -10  -9 -17 -29 -26 -17  -13 -10 -10 -13 -13 -15 -17 -22  -19 -15 -11 -12 -14 -16 -19 -18
 2  -15 -10 -12 -15 -19 -18 -16 -16  -17 -17 -17 -22 -23 -21 -19 -17  -17 -20 -18 -16 -11 -11 -16 -24
 3  -23 -18 -19 -21 -18 -13 -12 -10  -10 -11 -10 -10  -8  -8  -9 -11  -13 -15 -17 -15 -12 -12 -12 -12
 4  -12  -9  -6  -6 -10 -10  -9  -7   -8  -9  -9  -9 -12 -13 -11  -8   -8  -7  -5  -4  -2  -1  -1   1
 5    1  -3  -8 -12 -16 -14  -9  -8   -7  -7  -6  -6  -7  -7  -6  -7   -8  -8  -7  -3   1   2   2   2

 6    3   2  -1  -4  -3  -1  -3  -1   -3   1   3   3   3   6  11  10    8   8   8  11  11  14  15  15
 7   21  32  20   4  -2  -8 -22 -48  -47 -37 -37 -40 -42 -39 -39 -40  -38 -36 -35 -35 -37 -38 -35 -32
 8  -26 -25 -29 -35 -37 -34 -33 -29  -28 -30 -27 -26 -27 -26 -23 -22  -22 -23 -26 -26 -26 -27 -23 -20
 9  -18 -13 -19 -27 -29 -26 -21 -19  -20 -20 -24 -21 -20 -19 -15 -14  -14 -12 -10 -14 -18 -21 -19 -18
10  -17 -16 -18 -20 -22 -20 -18 -16  -15 -14 -12 -12 -11  -8  -7  -8  -10 -11 -12 -11 -12 -17 -18 -17

11  -15 -19 -19 -19 -19 -16 -14 -11   -9 -12 -15 -16 -10  -8  -7 -11  -10  -8  -9 -13 -14 -12 -12  -8
12   -4  -3  -8 -11 -11  -9 -14 -14  -10  -8 -10  -9  -8  -5  -5 -10  -12 -13 -15 -13 -11 -13 -12 -14
13  -14 -14 -14 -15 -14 -12 -11 -10  -10 -10 -10  -9  -5  -4  -5  -5   -4  -3   0   0  -1  -3  -3   0
14    0   1   2   2   3   1  -1  -4   -5  -4  -4  -4  -5  -6  -9 -11  -14 -17 -20 -20 -18 -13 -10  -8
15   -7  -6  -7  -6  -7  -6  -5  -4   -3   1   5   5   4   3   3   4    5  12  18  15  14  10   8   7

16    5   2   2   4   3   5   5   5    8  10   9   8  10   9   3   4    5   7   7   6   4   4   3   8
17    9  11  12  10   8   5   5  16   21  16  11  12  12  10  11  12   12  11   8   4   3   4   2   3
18    4   4   0 -13 -20 -22 -14  -9  -15 -13 -12 -13 -19 -14 -11  -8   -7  -6  -6  -6  -5  -1   3   9
19    7   6  -1  -9 -14 -14  -5   2    2  -4   4  -3  -5  -9 -13 -25  -27 -30 -37 -56 -66 -78 -76 -72
20  -78 -79 -65 -58 -61 -61 -55 -48  -48 -49 -44 -34 -34 -33 -35 -42  -43 -44 -41 -41 -40 -39 -39 -36

21  -30 -29 -30 -35 -40 -39 -37 -37  -39 -39 -35 -32 -33 -32 -32 -33  -28 -30 -34 -34 -32 -34 -33 -29
22  -26 -26 -25 -25 -23 -19 -21 -26  -38 -41 -41 -38 -27 -23 -22 -25  -28 -31 -32 -32 -27 -25 -23 -23
23  -20 -20 -18 -22 -23 -22 -26 -24  -25 -24 -25 -26 -26 -26 -24 -21  -18 -15 -13 -13 -17 -20 -17 -17
24  -19 -20 -17 -16 -15 -16 -14 -12  -15 -14 -13 -10 -11 -12 -15 -17  -17 -18 -18 -19 -20 -20 -18 -15
25  -14 -12 -14 -15 -14 -14 -14 -14  -15 -15 -15 -15 -15 -13 -11  -8   -9  -9  -9  -7  -6  -6  -8 -10

26  -13 -13 -13 -13 -12  -9  -7  -7  -10 -11 -12 -10  -8  -6  -6  -7   -6  -5  -2  -1   0   2   5   7
27    7   4   6   7   4   2   2  11   13   5  -6 -16 -14 -10  -7 -23  -39 -32 -25 -24 -25 -28 -26 -20
28  -21 -22 -27 -28 -31 -26 -22 -25  -28 -28 -26 -24 -20 -19 -16 -14  -13 -14 -13 -13 -12 -15 -19 -19
29  -19 -15 -16 -14 -15 -17 -14 -14  -14 -14 -15 -16 -10  -9  -8  -7   -7  -7  -7  -9  -5  -5  -6  -7
30  -11 -12 -10  -8  -7  -9 -13 -17  -15 -11  -9  -6  -6  -6  -4  -2    1   0  -1  -1   3   7   3   4

31    4   3   6   7  11  12  10  -1   -7 -10 -12  -9  -7  -2  -2  -8  -17 -21 -27 -33 -31 -35 -35 -34