 1   18  18  17  16  13  11  10  10   11  10  14  14  13  14  16  19   23  21  20  15  16  17  21  23
 2   22  17  14  15  14   7   2   7    9   6  -3 -11 -10  -2   1  -3   -7  -8  -7  -5  -6  -5  -2   2
 3    4   6   6   5   3   1  -1  -4   -7 -11 -10  -2  -7  -7 -12 -16  -19 -23 -24 -26 -25 -25 -23 -23
 4  -30 -28 -21 -20 -23 -19 -12  -8   -6  -2  -3  -6  -6  -6  -4 -10  -11 -10 -16 -17 -19 -18 -16 -13
 5  -13 -14 -14 -14 -15 -14 -11  -8   -6  -2  -1  -2  -2  -3  -2  -2   -1  -2  -1  -1   0  -4  -9 -10

 6  -12 -11 -10 -11 -10 -11 -10  -7   -3   0  -1  -4  -8  -8  -5  -3   -3  -4  -3  -3  -3  -2  -2  -2
 7   -2  -1   0   2   3   3   2   4    7   8   5   0  -2   0   3   5    4   3   3   4   6   8   9  11
 8   14  13  14  17  18  17  19  20   22  22  16  13  10  11  10   2    6   9   9   8   6  -1   1   1
 9    1   1  -1  -1   0   0   1   4    6   2   2   0   1   1   2   2    2  -3  -6  -7  -3   0   1   0
10   -2  -3 -10 -14 -10  -6  -2   0    0  -1  -4  -2   0  -3  -2  -1    1   0  -2   0  -5  -7  -5  -4

11   -5  -9 -15 -13 -18 -20 -11  -5   -9 -10  -9  -9 -13 -15 -14  -8   -5  -4  -5  -7  -8 -13 -15 -17
12  -11  -9 -12 -19 -20 -13  -7  -1   -1   0   0  -2  -4  -2   2   2    0   0   0  -1  -2  -1  -8  -8
13  -12 -21 -28 -31 -28 -33 -42 -47  -49 -42 -40 -38 -38 -45 -38 -37  -41 -37 -32 -34 -30 -29 -29 -31
14  -28 -28 -30 -27 -24 -24 -26 -30  -28 -21 -22 -23 -19 -24 -21 -23  -24 -21 -21 -19 -21 -21 -16 -12
15  -10 -13 -12 -11 -11 -10  -7  -4   -3  -7 -11 -17 -19 -16 -12 -10   -8  -8  -6  -9 -10 -10  -8  -8

16   -9 -11 -12 -13 -14 -12  -7  -5   -4  -6  -9  -8  -9  -7  -5  -3   -1  -1  -1  -2  -3  -2   0   0
17    2   3   4   4   3   2   2   3    3   3   2   4   4   5   4   4    5   6   7   8   5   3   3   5
18    7   8   8   9  11  14  15  15   14  16  15  14   9  12  14  12   13  13   6   0  -1   0   2   3
19    5   5   1   3   2   2   6   8    9  11  12  15  14  13  15   7    9  12  12  12   8   5   4   6
20   15  20  21  15  -3 -11 -11  -8   -1   4   4   0  -1  -7 -19 -32  -28 -20 -16 -15 -17 -16 -13 -11

21   -8  -8  -8  -8 -15 -21 -20 -13   -7  -6  -8  -9 -11 -10  -7  -6   -5  -5  -5  -6  -8 -10  -7  -5
22   -3   1  -3  -7  -7  -5   0   2    4   5   4  -1  -2  -3   0   4    1   0   1   0   0  -1   0   2
23    2   3   1   3   5   7   8   9    9  11  13  13  12  11  12  12   12   8   9  11  11   9   9   2
24    3   7   9  12  11  15  13  12   12  13  16  12  12  11  11  13   16  11  -4  -8  -3  -3  -4  -2
25    4   5   1   2   6   9  12  -4   -9  -7  -6  -7  -8  -3  -3  -3   -5  -6  -4  -4  -6  -8  -7  -8

26   -8  -7  -5  -4  -4  -3  -2  -2    0   1   2   3   3   2   2   3    3   4   4   5   4   3   4   2
27    3   3   5   7   9  11  11  11   10   7   5   7  14  15  16  14   12  15  15  12  11   8   4   6
28   10   9   7   8  10  11  12  11    8   8  10  12  14  15  15  12   12  14  14  17  16  14  13  10
29    8   9  13  14  12  11  10  11   11  11   8   7   9  12  12   6    1  -7  -9 -16 -18 -14 -10  -5
30  -11 -17 -21 -22 -23 -22 -25 -28  -33 -33 -24 -15 -16 -14  -9  -9  -12  -5  -3  -4 -15 -24 -23 -17

31   -9  -7 -15 -14  -9  -4  -4  -6   -4  -4 -13 -16 -18 -20 -18 -16  -14 -14 -12 -14 -13 -16 -16 -19
