 1  -86 -81 -70 -72 -67 -69 -70 -62  -57 -54 -52 -54 -51 -44 -46 -45  -43 -42 -41 -42 -45 -45 -42 -38
 2  -37 -36 -36 -34 -36 -41 -44 -44  -40 -43 -46 -45 -46 -43 -31 -28  -35 -39 -45 -49 -40 -40 -40 -43
 3  -43 -48 -60 -56 -57 -63 -58 -54  -52 -61 -60 -57 -50 -47 -52 -50  -46 -42 -41 -44 -42 -43 -46 -50
 4  -49 -39 -35 -39 -46 -56 -61 -63  -61 -71 -61 -49 -49 -44 -47 -45  -45 -46 -36 -36 -43 -41 -40 -41
 5  -42 -39 -33 -31 -30 -32 -32 -32  -37 -36 -36 -34 -34 -34 -33 -34  -34 -34 -33 -35 -35 -32 -32 -33

 6  -39 -42 -36 -29 -24 -21 -23 -25  -26 -25 -31 -31 -29 -30 -34 -33  -31 -29 -32 -32 -31 -29 -28 -25
 7  -24 -19 -16 -12 -14 -23 -28 -26  -28 -31 -33 -29 -25 -23 -24 -23  -21 -17 -16 -16 -15 -16 -16 -17
 8  -20 -26 -29 -25 -22 -22 -22 -21  -23 -26 -22 -14 -12 -10 -13 -15  -15 -14 -19 -19 -16 -14 -16 -18
 9  -20 -15 -12  -9  -9  -8  -5  -4   -6 -10  -9 -15 -12 -12  12  -7  -23 -30 -26 -21 -28 -30 -36 -31
10  -31 -23 -19 -14  -7 -13 -23 -35  -30 -24 -20 -23 -18 -13 -16 -24  -29 -42 -53 -56 -54 -69 -73 -68

11  -59 -23 -10 -30 -41 -55 -96 -119 -119 -127 -139 -120 -108 -107 -101 -97  -88 -86 -87 -88 -82 -77 -77 -80
12  -79 -80 -72 -65 -67 -68 -62 -58  -69 -70 -77 -65 -63 -61 -58 -64  -64 -60 -51 -59 -85 -89 -74 -71
13  -88 -85 -73 -75 -81 -81 -78 -72  -66 -70 -72 -84 -86 -85 -79 -80  -78 -77 -76 -78 -73 -64 -55 -57
14  -58 -57 -53 -52 -51 -62 -69 -63  -66 -59 -64 -63 -60 -53 -54 -53  -50 -49 -44 -47 -48 -47 -48 -48
15  -47 -39 -37 -34 -34 -36 -36 -34  -29 -26 -32 -44 -43 -55 -59 -64  -80 -55 -48 -54 -64 -74 -76 -66

16  -60 -57 -52 -52 -53 -52 -54 -55  -58 -60 -59 -52 -50 -49 -51 -46  -44 -44 -46 -53 -57 -53 -48 -45
17  -43 -39 -36 -35 -38 -43 -42 -42  -42 -43 -42 -40 -42 -46 -47 -46  -47 -45 -41 -38 -38 -38 -43 -43
18  -38 -32 -31 -32 -33 -39 -44 -44  -48 -48 -46 -51 -53 -49 -51 -49  -45 -43 -42 -38 -37 -37 -37 -37
19  -36 -32 -28 -25 -25 -31 -34 -36  -37 -40 -41 -37 -35 -37 -38 -37  -35 -35 -37 -34 -32 -33 -35 -32
20  -28 -25 -22 -21 -24 -29 -37 -42  -41 -37 -38 -37 -36 -34 -35 -37  -37 -33 -29 -27 -29 -29 -31 -33

21  -31 -27 -18 -16 -19 -23 -26 -27  -26 -26 -24 -24 -22 -25 -23 -20  -18 -17 -21 -22 -23 -26 -27 -24
22  -24 -22 -21 -20 -19 -17 -15 -19  -20 -24 -24 -19 -17 -19 -18 -22  -22 -23 -21 -23 -18 -17 -19 -18
23  -24 -22 -18 -16 -19 -27 -30 -25  -28 -27 -25 -23 -21 -25 -25 -23  -22 -19 -19 -18 -20 -19 -18 -19
24  -21 -23 -23 -20 -17 -15 -16 -15  -13 -12 -10  -8 -10  -7  -7  -8  -12 -11  -6  -6  -3  -4  -6  -6
25   -5  -3  -3   0   1   1   0   2    3   6   5  -3 -11  -8  -6  -5   -5  -3  -2  -4  -5  -3   1   3

26    6  -3 -12 -18 -21 -17 -16  -6   -6 -11 -19 -24 -32 -31 -17 -12  -11 -12 -24 -24 -24 -27 -21  -8
27   -4  -5 -11 -19 -21 -26 -29 -28  -33 -35 -31 -30 -23 -24 -25 -23  -20 -14  -8  -7  -6  -8 -12 -10
28   -9  -4  -2  -4 -10 -20 -28 -29  -24 -24 -20 -21 -28 -28 -28 -31  -32 -22 -12  -7 -10 -16 -13  -6
29   -7 -10  -4  -5  -3  -6  -8  -6   -8 -11 -13 -12 -14 -15 -16 -18  -21 -19 -18 -17 -10 -10 -10  -7
30   -2  -5  -6  -1  -4  -9 -13 -13  -14 -16 -11  -4  -1  -1  -5  -8   -5  -1  -3  -8 -15 -16 -16 -14