 1  -11 -10 -11 -13 -14 -12  -8  -5   -1  -2 -10 -13 -12 -10 -10 -12  -13 -11  -6  -3  -7  -7  -3  -7
 2  -10 -12 -11 -12 -14 -16 -13 -13  -12 -15 -16 -13 -12 -13 -10  -8   -9  -8 -11  -6  -3  -5   0  -1
 3   -5 -11 -13 -12  -8  -9  -9 -10  -10 -11 -12  -7 -11  -7  -7 -10  -10 -11 -10 -11 -20 -19 -21 -18
 4  -13 -12 -13 -13 -15 -17 -18 -15  -12 -11 -11 -10 -10  -8 -10 -11  -13  -9  -8  -8  -6  -7  -7  -6
 5   -5  -4  -5  -6 -10 -12 -13 -11   -7  -3  -4  -6  -8  -9  -9  -8   -9  -7  -1  -1   3   3   5   5

 6    6   3   3   2   1  -1  -3  -1    0   0  -3  -6  -6  -4  -2  -2   -1  -1  -2  -2  -2   0  -1  -1
 7   -2  -4  -4  -2  -1   0   1   1    2   4   3   1   3   2   0  -2   -1   0   2   4   4   3   1   0
 8   -1  -3  -3  -5  -3  -1   0   1    3   4   4   5   6   7   9  10    9   8   6   3   0  -3  -5  -7
 9   -7  -7  -5  -3  -1  -1   0   0    2   3   3   4   2   2   6   6    6  13  19  26  23   7   0  -5
10   -5  -8 -14 -13 -18 -23 -28 -23  -15 -13 -12 -14 -14 -15 -12 -10   -9  -4  -2 -10 -16 -10 -16 -14

11  -12 -13 -18 -22 -26 -28 -29 -23  -29 -43 -48 -42 -35 -34 -31 -35  -40 -44 -55 -49 -44 -41 -46 -41
12  -34 -31 -35 -36 -37 -42 -43 -41  -37 -34 -33 -33 -33 -30 -30 -32  -38 -37 -32 -37 -42 -36 -32 -26
13  -25 -26 -24 -26 -25 -26 -28 -29  -29 -27 -23 -20 -20 -22 -20 -18  -20 -19 -16 -17 -17 -16 -14 -11
14  -12 -13  -9  -7 -10 -12 -16 -16  -14 -13 -12 -15 -13 -11 -11 -13  -16 -15 -12 -11  -6  -5  -5  -7
15   -3  -4  -6  -6  -7  -7  -7  -7   -9  -9  -6  -3  -8  -9  -8  -7   -7  -6  -6  -6  -6  -6  -6  -4

16   -1   1   1  -2  -3   5   4   9    0  -4  -4   0   2   2   0  -2   -8  -9  -4   3   2   0   1   4
17    5   5   4   2  -1  -2   1   1   -1  -3  -7  -8  -8  -6  -1  -3   -6  -7  -4  -1   3  10  15  15
18   12  11  14  13  12  11   8   5    5   5   2   9  13  14  16  13    9  12  15  16  19  26  29  24
19   16  13  10   6   7   6   3   1    3  11   9   8  -2  -3   0  10   16   3   1  -4  -2   1   2  -2
20   -6  -8 -18 -25 -24 -22 -27 -26  -25 -22 -19 -16 -17 -22 -18 -18  -19 -20 -17 -12 -22 -20 -18 -16

21  -14 -13 -13 -13 -13 -15 -18 -23  -22 -19 -14 -11 -18 -18 -17 -17  -16 -17 -14 -16 -14 -10  -7  -6
22   -6  -9  -6  -2   0  -3  -8  -9  -13 -15 -12  -7  -6  -8  -6  -5   -4  -3  -5  -5  -5  -3  -2  -2
23   -2   0   1   1   3   2   1   0    2   1   0   2   2  -2  -3  -4   -6  -5  -3  -1   2   3   4   5
24    6   7   6   5   5   7   8   9    8  10  10   1  -4  -6  -7  -3   -8 -12 -11  -9  -9  -6  -4   0
25    4   3  -1   1   8   6   3  -5  -14 -17 -18 -14 -15 -19 -21 -22  -21 -17 -14 -12 -10  -8  -7  -6

26   -6  -4  -3  -2  -5  -7  -8  -6   -5  -2   2   3   3  -5 -13 -14  -11  -4  -1   0   1   3  -4  -9
27   -3   0   2   3   3   1  -2  -3   -1   1  10  18  16  22  33   5  -13 -31 -39 -21 -14 -24 -29 -18
28  -12 -15 -17 -18 -23 -25 -23 -23  -25 -31 -27 -25 -24 -18 -21 -18  -20 -23 -23 -19 -27 -26 -26 -22
29  -12  -9  -8  -8 -10 -13 -20 -28  -31 -31 -29 -24 -22 -23 -21 -20  -27 -27 -23 -16 -13 -14 -12  -9
30   -5  -3  -3  -7  -6  -7  -8 -13  -17 -19 -17 -12  -7  -5  -5  -9  -17 -21 -19 -17 -15 -14 -15 -13

31   -7   1   3   3   1  -1  -1  -7  -12 -13 -16  -9  -2   8  20   0  -18 -28 -30 -28 -29 -30 -26 -24