 1  -19 -16 -14 -12  -8  -7  -7  -5   -6  -8  -8 -10  -9  -9  -7  -7   -1  -1  -4  -2  -1  -2  -3  -3
 2   -3  -5  -4  -5  -7  -7  -6  -4   -2  -3  -4  -2  -2   1  -1  -4   -6  -5   0   3   2   1  -1   0
 3    2   3   3   3   4   6   8   8    8   7   4   3   1   7  12  14   14   7   3   3  -7 -19 -17 -12
 4   -3  -3  -7  -9  -8  -9 -11 -13  -10  -5  -2   0   1  -1  -2   0   -1  -9 -13 -12  -7  -4  -1  -5
 5   -8  -6  -5  -6  -5  -4  -4  -3   -2   0   1   0  -3  -3  -3  -2    0  -1  -1   1   2   4   4   5

 6    6   6   6   5   4   6   7   7    6   6   6   6   7   7   5   5    4   5   6   1   2   5   7  10
 7   12   9   8  19  14  16  17  16   17  16  25  50  55  44  43  30    8 -15  18  61  22 -74 -77 -117
 8 -179 -186 -224 -272 -342 -368 -374 -343 -320 -299 -234 -215 -181 -168 -160 -149 -145 -135 -128 -125 -125 -118 -122 -126
 9 -127 -129 -129 -122 -125 -118 -116 -103 -104 -93 -78 -70 -92 -106 -118 -138 -139 -129 -110 -106 -181 -214 -182 -173
10 -151 -135 -148 -155 -152 -197 -240 -259 -258 -258 -263 -232 -234 -206 -176 -171 -164 -135 -118 -122 -120 -118 -112 -109

11 -105 -97 -97 -97 -103 -106 -103 -99  -90 -80 -85 -82 -76 -77 -81 -75  -73 -58 -52 -61 -59 -44 -40 -46
12  -60 -64 -68 -82 -80 -73 -62 -51  -62 -83 -92 -87 -80 -74 -63 -61  -71 -71 -69 -78 -81 -80 -71 -67
13  -64 -64 -64 -64 -61 -59 -59 -58  -60 -58 -55 -51 -51 -49 -48 -48  -51 -50 -48 -48 -51 -52 -49 -44
14  -48 -58 -58 -58 -56 -53 -52 -57  -57 -54 -54 -53 -52 -51 -48 -45  -44 -41 -43 -44 -44 -42 -41 -40
15  -39 -39 -41 -39 -40 -41 -38 -38  -38 -36 -37 -39 -41 -41 -40 -40  -41 -41 -41 -38 -36 -31 -28 -27

16  -24 -23 -23 -20 -21 -22 -23 -29  -34 -41 -38 -37 -35 -35 -36 -36  -34 -33 -32 -34 -32 -35 -35 -31
17  -29 -27 -30 -31 -31 -34 -35 -40  -40 -43 -46 -46 -41 -37 -34 -33  -33 -31 -29 -29 -30 -30 -30 -29
18  -27 -24 -23 -24 -24 -24 -23 -24  -24 -25 -25 -28 -30 -31 -30 -26  -26 -23 -23 -23 -23 -22 -20 -17
19  -15 -13 -11 -14 -17 -16 -15 -14  -14 -15 -14 -11 -11 -10  -7  -4   -2   4  10   8   1  -1  -5  -8
20  -15 -16 -18 -21 -26 -29 -33 -40  -36 -33 -35 -36 -44 -34 -36 -37  -29 -21 -40 -44 -34 -29 -25 -21

21  -17 -19 -28 -28 -28 -26 -30 -30  -30 -28 -30 -32 -31 -31 -44 -41  -40 -36 -34 -32 -31 -28 -25 -22
22  -19 -23 -27 -29 -32 -34 -30 -34  -34 -35 -31 -28 -27 -27 -28 -29  -30 -29 -27 -23 -24 -24 -25 -27
23  -24 -23 -26 -29 -29 -27 -28 -29  -26 -22 -19 -13  -9  -7  -7  -8  -11 -12 -10 -11  -6  -7 -10  -9
24  -11 -16 -18 -22 -22 -21 -23 -23  -23 -24 -27 -20 -17 -18 -20 -21  -21 -19 -16 -14 -12 -13 -16 -16
25  -18 -26 -38 -51 -53 -43 -45 -53  -53 -47 -43 -45 -41 -36 -39 -41  -40 -37 -32 -27 -26 -23 -20 -17

26  -21 -26 -30 -31 -33 -38 -43 -42  -40 -39 -39 -36 -30 -26 -26 -28  -26 -26 -30 -27 -28 -32 -30 -28
27  -27 -25 -28 -25 -22 -25 -35 -46  -47 -39 -32 -30 -28 -27 -29 -30  -35 -35 -38 -40 -43 -45 -45 -43
28  -39 -29 -29 -30 -32 -44 -50 -48  -46 -45 -44 -41 -36 -32 -30 -28  -24 -19 -12 -12 -17 -14 -13 -12
29   -4  -1  -7 -12 -10 -12 -22 -25  -28 -28 -29 -28 -34 -26 -20 -17  -22 -25 -21 -16 -11 -13 -11 -16
30   -1 -13 -14 -16 -14 -19 -25 -22  -25 -28 -31 -27 -24 -21 -19 -16  -16 -17 -19 -19 -19 -18 -17 -11