 1  -20 -17 -19 -21 -25 -24 -22 -22  -20 -21 -18 -14 -12 -11  -9  -9  -13 -17 -15 -15 -14 -17 -19 -24
 2  -25 -26 -26 -28 -27 -27 -24 -23  -22 -23 -22 -19 -18 -17 -17 -21  -22 -26 -26 -26 -26 -23 -27 -28
 3  -24 -22 -24 -23 -22 -18 -21 -23  -25 -21 -13 -12  -7 -10 -10 -11  -12 -10  -6  -3  -3  -2  -1   1
 4    3   2  -3 -11 -13 -19 -19 -22  -17 -14 -14 -12 -11  -9  -8 -11  -15 -17 -16 -15 -16 -17 -18 -13
 5   -9  -9 -11 -10 -11 -14 -15 -14  -15 -13 -16 -20 -22 -16 -12 -13  -14 -13 -14 -17 -17 -16 -14 -12

 6   -8  -7  -7  -6  -6  -8 -11 -12  -10  -6  -5  -4  -5  -4  -3  -3   -6  -6  -6  -5  -7  -6  -4  -2
 7   -1  -2  -3  -3  -5  -7  -6  -5   -7  -8  -7  -7  -8  -8  -7  -5   -5  -4  -3  -2  -4  -3  -4  -4
 8   -5  -5  -5  -2  -1   0   0   4    5   4   4   4   4   5   6   4    3   3   4   4   4   3   1  -2
 9   -3  -3  -4  -6  -5  -5  -4  -2    0   3   6   8   8  19  26  25   31  31  25   3   3  -2 -20 -46
10  -59 -63 -63 -55 -50 -53 -59 -59  -47 -39 -42 -48 -48 -42 -42 -39  -40 -34 -34 -33 -27 -27 -23 -21

11  -25 -32 -34 -32 -31 -37 -48 -43  -32 -35 -34 -34 -28 -29 -31 -28  -27 -27 -25 -22 -21 -22 -23 -25
12  -27 -29 -29 -30 -27 -26 -27 -27  -25 -24 -25 -21 -19 -20 -20 -19  -18 -18 -18 -18 -18 -20 -24 -25
13  -26 -26 -27 -26 -25 -23 -22 -20  -16 -15 -15 -17 -20 -21 -19 -16  -17 -16 -16 -15 -12  -9  -9  -8
14   -9 -12 -13 -14 -13 -12 -10  -9   -9  -9 -11 -13 -14 -12 -13 -16  -17 -18 -15 -13 -12 -14 -17 -20
15  -19 -19 -19 -20 -19 -17 -16 -17  -14 -12 -10  -9  -9  -9 -12 -13  -17 -13  -8  -6  -7 -14 -19 -21

16  -16 -12 -19 -25 -27 -26 -22 -24  -19 -11  -8 -11 -16 -19 -19 -19  -20 -19 -18 -13 -12 -11 -11 -13
17  -16 -20 -25 -32 -32 -32 -33 -33  -31 -28 -24 -20 -24 -25 -31 -29  -26 -21 -19 -18 -18 -20 -19 -17
18  -20 -20 -21 -18 -16 -14 -12 -12  -12 -13 -14 -14 -15 -18 -19 -19  -19 -20 -19 -18 -17 -18 -18 -18
19  -18 -19 -19 -17 -18 -12 -13 -14  -14 -14  -8  -7  -7  -7  -6  -6   -9  -9 -10 -11 -12 -11  -9  -9
20  -10  -9  -8  -6  -5  -5  -8 -10  -10 -11  -8  -8  -7  -5  -9 -10   -9  -9 -11 -12 -13 -12 -12 -10

21   -8  -7  -8  -8  -7  -6  -6  -9   -7  -7  -9  -9  -5  -3   0   2    3   2   1   1   2   1   1   2
22    5   5   7   7   5   4   3   3    8  10  10   8  13  13   9   8    6   7   9   4  -4 -10  -9  -6
23   -4  -6  -9  -8  -6  -7  -7  -5  -22 -30 -30 -30 -31 -31 -30 -27  -25 -24 -25 -29 -28 -22 -14 -11
24  -15 -17 -22 -31 -29 -32 -36 -34  -37 -30 -32 -33 -29 -32 -30 -30  -28 -28 -27 -24 -22 -22 -19 -17
25  -14 -14 -18 -21 -17 -21 -24 -22  -20 -19 -19 -16 -17 -18 -17 -18  -17 -20 -21 -25 -26 -23 -23 -25

26  -23 -20 -19 -21 -17 -17 -19 -20  -20 -22 -25 -23 -23 -22 -21 -21  -20 -18 -17 -20 -25 -22 -22 -24
27  -24 -24 -23 -21 -19 -18 -17 -19  -18 -20 -24 -21 -20 -19 -21 -24  -24 -23 -20 -18 -18 -17 -16 -17
28  -18 -18 -18 -20 -20 -19 -17 -16  -16 -15 -15 -16 -18 -20 -21 -20  -21 -19 -15 -11 -12 -17 -16 -13
29  -14 -16 -20 -16 -10 -11 -13  -7   -2   1   0  -7  -7  -6  -8  -9   -9 -10  -7  -6  -5  -5  -5 -11
30  -15 -19 -21 -25 -30 -41 -51 -60  -66 -57 -62 -71 -71 -74 -63 -49  -48 -53 -49 -45 -43 -38 -37 -35