 1  -21 -16 -12  -8  -5  -4  -2  -1   -1   0  -3  -4  -2  -4  -6  -5   -6  -9  -8  -6  -7  -6  -7  -9
 2   -7  -7  -8  -9 -12 -10 -11  -9   -8  -7  -7  -5  -3  -2  -1   1    3   3   3   1  -1  -3  -6  -7
 3   -7  -6  -5  -5  -6  -6  -6  -7   -8  -8  -7  -8  -7  -5  -5  -3   -4  -6  -7  -6  -6  -6  -9 -11
 4  -10  -8  -8  -7  -4  -4  -3  -1    0  -1  -2  -3  -4  -5  -3  -2   -2  -2   2  -2  -3  -3   1   2
 5    2  -2  -3  -2  -4  -4  -2   1    1  -1  -3   0   2   2   0  -2   -2  -2  -1   0   1   2   3   4

 6    5   5   7   7   7   7   7   7    6   4   2   3   3   5   5   5    5   5   5   5   4   5   7  10
 7    9   8   7   5   4   4   6   7    9   8   7   6   5   2   1   0    0  -1   0   0   1   3   4   6
 8    8  10  12  15  10   8   9  11   13  14  13  10   8  11  11  13   11  11   6   2  -1   1   2   5
 9    5   7   6   8  11  12  13  15   17  15  14  12   9   7   6   4    2   1   2   4   5   6   7   6
10    6   4   5   4   5   6   5   5    6  -2   0   2   2   1  -2  -3   -6  -4  -2   0   1   2   2   3

11    2   1  -1   0   1   2   0   3    6   6   5   5   2   2  -1  -3   -2   0  -1   0  -1  -1   0   1
12    2   1   0   1   2   3   5   8   10  10  10  13  11   8   8   9   13  14  12  18  20  16  16  14
13    7   0   9   7   0   2   3   4    7   4  -1  -5  -1  -5  -3   4    0  -2  -1  -2  -3  -5  -6  -8
14   -4 -10  -9  -8  -4  -3  -2   0   -3  -5  -2  -1  -5  -6  -7  -9   -9  -6  -5  -4  -2  -2  -3  -2
15   -2  -5  -8  -7  -3  -1   1   3    3  -5  -7  -3  -8  -9  -6  -3   -4  -3  -3  -2  -7  -9  -9  -4

16    0   1   0   1   0  -2  -1   3    1   1  -1   3   0  -2  -5  -6   -3  -2   0   0  -2  -2  -5  -9
17  -10  -9  -7  -6  -8 -14 -20 -14   -8  -7  -9  -8  -9 -10 -10 -10   -7 -10 -10  -9  -9  -9  -9  -5
18   -2  -4  -7  -9  -5  -3  -2  -1    1   0  -1  -2  -3  -5  -7  -7   -6  -2  -1  -1  -1  -2   2   3
19    4   2  -1   0   3   5   4   3    4   3   5   5   5   4   2  -2   -2  -2  12  23  31  37  30  31
20   30  17   8   9  16  17  15  15    7   9   6  -6 -32 -34 -46 -47  -47 -50 -50 -54 -59 -56 -52 -50

21  -45 -41 -38 -37 -34 -34 -33 -36  -36 -32 -32 -28 -25 -25 -29 -32  -31 -29 -26 -24 -22 -24 -25 -22
22  -19 -19 -22 -25 -26 -27 -23 -18  -15 -16 -15 -11  -7  -4  -6 -11  -12 -18 -31 -33 -27 -26 -29 -37
23  -35 -30 -28 -27 -27 -26 -27 -25  -25 -24 -21 -20 -22 -23 -24 -20  -20 -19 -18 -20 -20 -18 -20 -21
24  -20 -20 -18 -18 -15 -12 -13 -16  -14 -11  -9  -9  -7 -11 -13 -17  -20 -18 -21 -19 -16 -15 -16 -13
25  -14 -14 -14 -11 -12 -15 -20 -17  -12 -15 -15 -15 -14 -19 -18 -19  -19 -18 -13 -10 -11 -14 -20 -18

26  -17 -15 -14 -13 -13 -15 -19 -21  -18 -15 -14 -14 -13  -9 -10  -9   -9  -9 -12 -14 -14 -13  -9  -8
27   -6  -4  -4  -6  -6  -7  -8  -7  -10 -12 -11  -9  -9 -12 -12 -12  -11  -8  -7  -8 -12 -13 -13  -7
28   -8  -7  -5  -5  -4  -5  -8  -9   -9  -8  -8  -9 -13 -14 -13 -13  -13 -13 -12 -11 -10 -12 -13 -10
29   -8  -7  -6  -4  -2  -2  -4  -4   -5  -6  -7  -5  -7  -9 -11 -11  -11  -9  -6  -4  -8  -8  -5  -4
30   -3  -2   0  -1  -1  -2   0   5    4   1  -1   3   4   4   4   3    3   6  12  12  10   6   4   4