 1   -9  -7  -5  -6 -12 -10  -6   1    7   4   0  -2   0  -2  -3   0    2   2   0   3   8   8   8   3
 2    4   9  11   6   3   1   8  18   15   7  15  16  18  16  18  21   19   7   4   4   5   4   2   2
 3    2   2   3   3   4   6   4   3    0  -1  -1  -1  -2  -1   0   3    9   6   0  -4  -3  -6  -8  -9
 4   -8  -6  -5  -4  -9  -2  -1   1    1  -1  -2   2   4   4   3   0   -2  -7  -9  -9  -7  -9 -11 -11
 5  -12 -12  -8  -7  -7  -7  -5  -4   -5  -5  -4  -1   0   2   1   0    2   1  -1  -5  -6  -9 -10  -6

 6   -8  -9  -6  -4  -1  -1  -2  -2   -2  -2  -3  -5  -5  -3  -2   0    0  -2  -2  -1   2   2   1   0
 7   -4  -5  -5  -4  -2  -1  -1   2    2   1   1   2   2   1   2   5    6   8   9  11  12  10   9  10
 8   10  14  10   2  -1   1   3  -2    1   1   0   0   7   9   9   5   -2  -9 -13 -15 -19 -21 -16 -13
 9  -12 -11  -7  -6 -11 -14 -10  -8   -7 -10 -17 -20 -20 -18 -17 -16  -10  -9 -12  -8  -9 -13 -12  -9
10   -8 -10 -11  -6  -6  -3   2   2   -9 -13  -8  -5  -4  -5  -7 -11  -10 -10 -10 -10 -10 -11 -12 -12

11  -14 -14 -11 -10 -11 -11 -10  -8   -7  -7  -8 -10 -10 -11 -10 -11  -13 -13 -14 -15 -14 -14 -16 -15
12  -11  -9  -8  -8  -7  -6  -8  -9  -10  -8  -7  -8  -7  -9 -10 -10   -9  -8 -10 -11 -11 -11 -10  -6
13   -3   1   1   2   1   1   2   3    5   6   5   2   0  -2  -1   3    4   0  -1  -8 -10 -13 -11  -8
14   -9 -10  -8  -2  -1 -11 -17 -21  -21 -13 -13 -11  -7  -8  -7  -6   -9 -12 -10 -14 -14 -19 -23 -23
15  -21 -17 -11  -8 -13 -17 -17 -16  -12 -10 -10 -13 -16 -15 -13 -10   -8  -4  -2  -4  -7 -13 -13 -14

16  -15 -14 -11  -7  -5  -7  -8  -7   -7  -4  -2  -4  -7  -7  -6  -7  -10 -13 -17 -16 -17 -17 -19 -18
17  -15 -14 -11  -7  -6  -8  -8  -6   -4  -5  -8 -10  -8  -5  -4  -5   -2   0  -2  -4  -5  -6  -8 -10
18  -11 -12 -11  -9  -5  -6  -7  -8   -7  -6  -4  -2   0   2   1   1    1  -1   1   2  -1  -4  -5  -7
19  -11 -11  -6  -6  -7  -8  -8  -7  -10  -7  -8  -9  -5  -4  -3  -6   -7  -5  -4  -3  -4  -5  -5  -5
20   -6  -6  -5  -5  -6  -4  -3  -2   -6  -6  -6  -5  -2  -1  -1  -1   -1  -1  -3  -4  -3  -2  -2  -3

21   -5  -5  -2  -3  -4  -4  -2  -1    9  21  21  20  13   9   2  -5   -3   0  -2   0   1  -3 -18 -28
22  -28 -23 -17 -17 -20 -21 -20 -19  -18 -16 -11  -5  -6  -4  -6  -8   -7  -7  -7  -6   1 -10 -10  -9
23  -11  -8 -12 -17 -19 -19 -20 -16  -17 -14 -12 -11 -10 -11 -11 -12  -12 -11 -10 -12 -16 -13  -8  -8
24   -4  -6  -7  -6  -5  -7  -6  -4   -7  -8  -6  -2  -2  -5  -5  -5   -5  -1  -1  -2  -4  -4  -5  -7
25   -9  -7  -7  -4  -7  -9  -9 -10  -11 -10  -8  -6  -8  -7  -6  -7  -10  -8  -5  -4  -6  -7  -7  -6

26   -3  -1   1   1   1   0   0  -1    0   1   1  -1  -3  -2   0   2    3   3   3   3   1  -2  -4  -5
27   -3   4   4   4   3  -2  -2  -3   -1   1   2  -1  -3  -2   1   2   -1  -4  -5  -7  -6  -8  -9  -7
28   -5  -1   4   5   2  -1  -3  -7  -11 -12  -9  -3   3   3   0  -1    2   3   5   4   6   5   1   1
29    1   6   8   6   5   0   0  -3   -2   1   4   3   1   7  25  32   33  37  30  11  -2  -5  -5  -6
30   -5  -1  -7 -11 -16 -14 -10 -10  -10  -9  -6 -10 -12  -9  -6  -6   -8  -5  -3  -4  -8 -10 -10  -9