 1    7   6   3   5   7   5   2  -1    5   8   8   9   9   7   6   4    3   1   0   1   4   4   4   2
 2    2   2   1   2   6   5   9  11    9   6   5   9  10  10   6   3    1   3   3   0  -1   0   0   0
 3   -1  -5  -2   3   5   7   5   4    7   8   6   4   1   3   5   4    4   3  -1  -7  -6  -3   0  -2
 4    2   4   2   2   3   4   3   2    3   6   4   6   9  14  16  16   16  13   7   1   0  -1   0   5
 5    7   8   5   2   4   6   7   6    7   9  10  10  12   8   6   7    8  11  10   2   0   0  -1   2

 6    3   4   9  14  12  10   8   9    7   7   1   0   4   7   6   6    7   8   6   3   4   4   3   3
 7    7   9  12  13  14  12  11  13   11   7  10  13  13  12  11  11   11  11  11   7   6   6   6   8
 8    8  11  11  11  12  14  14  13   15  17  19  20  22  22  22  23   22  24  27  28  26  26  25  26
 9   26  24  23  20  15  13  13  16   18  21  22  19  17  17  19  21   21  21  20  22  23  21  20  17
10   16  13  13  18  19  20  20  16   15  15  18  21  21  19  15  11   11  18  20  17  16  19  24  25

11   26  24  12  17  19  19  21  25   26  19   8   9   5  10  18  17   19  15   7   4   5   0  -2   1
12    2  -2  -1  -3   3   7   1   0    3   4   5   3   2   3   3   3    6  11  14   9   3  -3   9  15
13   13   5 -11 -12 -11  -5  -5  -9   -4   1   2   2   2   0  -5 -10   -8  -6 -10 -12 -11   0   7   7
14    5   0   0   0   0  -1  -1   0    0   1   0   2   2   2   2   1    1   3   3   2   4   4   3   5
15    0   0   2   6   9   8   8   8    9  13  14  15  17  17  17  14   14  15  13   7   7   8   3   5

16   10  12  15  15  17  18  20  18   12  14  14  16  19  19  20  21   25  26  20  15  11   8   9  -6
17  -26 -52 -76 -61 -50 -54 -46 -48  -41 -32 -27 -30 -34 -38 -41 -43  -41 -36 -32 -31 -26 -23 -23 -23
18  -22 -20 -17 -15 -16 -13 -14 -22  -22 -17 -15 -10  -8  -8  -9  -9   -6  -9  -7 -14 -15 -11  -9  -9
19   -9 -14 -17 -16 -10  -7  -8 -11  -14 -14 -12  -7  -4  -4  -5  -4   -2  -6  -8  -7 -10 -11 -11 -12
20  -12  -9  -6 -10  -8  -6  -6  -7   -4  -1  -1  -1  -5  -6  -5  -4   -2  -1   0   1   1   2  -2  -4

21   -5  -8  -8  -7  -4  -2  -1  -2    0   0   1   2   1  -2  -4  -5   -6  -5  -6  -2   4   7  10  13
22   16  14  14  14  11  11   9   8    7   6  15  24  24  22  29  10   12  11  23  17  14 -20 -67 -85
23  -87 -90 -99 -91 -81 -81 -82 -79  -65 -59 -52 -52 -59 -66 -65 -65  -60 -56 -52 -46 -42 -38 -34 -31
24  -27 -19 -11 -15 -16  -8  19  15   10   6   7   5 -10 -21 -16 -17  -15 -20 -31 -27 -28 -22 -26 -39
25  -51 -65 -81 -93 -102 -102 -106 -105 -104 -102 -116 -126 -123 -109 -110 -126 -136 -122 -128 -130 -122 -118 -96 -97

26  -91 -94 -86 -76 -81 -77 -74 -69  -62 -62 -57 -54 -53 -52 -54 -55  -49 -48 -49 -52 -49 -42 -24 -47
27  -70 -94 -102 -66 -64 -92 -122 -138 -130 -121 -150 -148 -141 -170 -151 -145 -138 -141 -133 -122 -123 -121 -104 -95
28  -88 -84 -85 -86 -86 -81 -79 -82  -82 -82 -81 -81 -79 -80 -77 -74  -70 -69 -68 -70 -68 -67 -63 -61
29  -62 -66 -66 -62 -60 -58 -58 -58  -59 -59 -56 -56 -55 -54 -53 -53  -52 -49 -49 -48 -48 -49 -47 -45
30  -45 -49 -50 -49 -47 -45 -40 -39  -42 -45 -42 -38 -40 -39 -37 -35  -35 -34 -35 -35 -32 -23 -21 -23

31  -25 -27 -27 -28 -29 -25 -24 -24  -24 -24 -25 -26 -30 -35 -35 -35  -34 -30 -30 -33 -35 -38 -35 -30