 1   -1  -1  -3  -3   3   7   6   1    2   2   0   1   2   4   3   1    0   1   4   4   3  -3  -2  -1
 2    1   2   1   1   4   5   5   7    6   3   4  10  10   5   3   3    2   1   2   4   3   1   2   3
 3    4   3   2   2   3   2   3   4    2   1   0   3   6   7   6   4    1   1   2   4   4   7   7   8
 4    8   7   6   5   7   7   7   6    6   8   8   9   6   5   6   9   10  11   8   7   7   8   6   3
 5   -1  -2  -1   0   2   5   7   7    5   5   4   5   4   0  -3  -2   -2   0   0  -1  -1  -3  -2  -1

 6   -1  -2  -3  -4  -1   1   3   1    3   5   6   9  10   8   5   6    6   5   5   3   0  -3  -3  -4
 7   -5  -7  -7  -5  -3  -2   0   2    4   3   2   3   5   3   3   4    5   6   5   4   2   2   0   1
 8    2   2   2   4   5   5   6   6    8   8   8   6   4   2   5   7    6   6   8   8   5   6   7   8
 9   10  10  10   8   8   8   7   5    5   4   3   6   9   6   2   1   -3  -5  -5  -5  -6  -5  -3  -2
10   -2  -2   0   2   1  -5  -8  -9  -10 -10  -6  -7  -2   1   2   2    8  11  13  14  14  -1 -21 -19

11  -10  -6 -13 -14 -16 -18 -21 -18  -18 -20 -22 -20 -14 -17 -16 -17  -21 -16 -11 -12 -16 -14 -12  -9
12  -10 -11 -16 -26 -21 -20 -22 -20  -23 -23 -26 -20 -18 -15 -14 -14  -17 -15 -14 -14 -16 -15 -13 -13
13  -13 -13 -14 -13 -16 -19 -15 -14  -13 -15 -17 -16 -11  -8  -8  -9  -10 -10 -12 -13 -13 -10  -9  -8
14   -8  -8  -7  -7  -8  -6  -7 -10  -12 -12 -11  -7  -5  -5  -6  -6   -6  -7  -9 -10  -8 -10 -11 -10
15  -10 -10  -8  -6  -5  -4   0   3    3   0  -4  -4  -6  -9 -10 -10  -10  -8  -7  -6  -5  -6  -8  -7

16   -8  -6  -3  -3  -4  -3   1   4    4   2   1   4   4   2  -3  -6   -7  -2  -2  -6  -5  -6  -7  -5
17   -4  -3   2  19  28  41  28  16  -13 -11  -8 -13 -17 -19 -17 -24  -33 -29 -26 -22 -18 -21 -21 -26
18  -28 -26 -22 -20 -20 -25 -20 -21  -21 -19 -18 -19 -16 -20 -22 -27  -24 -28 -27 -20 -16 -21 -23 -25
19  -20 -19 -19 -22 -20 -19 -20 -21  -21 -18 -17 -17 -15 -15 -14 -13  -15 -17 -10 -14 -14 -13 -12 -11
20   -9  -6  -4  -4  -8 -12 -11 -12  -16 -15 -14 -15 -15 -11  -6  -7   -9 -13 -12 -11  -9 -14 -18 -21

21  -18 -15 -16 -14 -15 -18 -19 -16  -17 -15 -11 -10  -9 -10 -10 -17  -19 -20 -20 -20 -16 -13 -13 -11
22   -6  -7  -6  -9  -8 -11  -9  -8   -8  -8  -9  -7  -8 -10 -11 -12  -15 -16 -15 -19 -14 -12 -12 -14
23  -10  -9  -8  -5  -5  -6 -10 -12  -13 -12 -11  -7  -5  -5  -6  -6   -9  -9 -10 -10 -13 -14 -12 -10
24   -9  -6  -4  -5  -7 -10 -12 -10  -10  -9  -7  -6  -5  -5  -7  -9   -8  -7  -5  -4  -5 -10 -11  -8
25   -5  -2   0  -2  -3  -4  -4  -7   -7  -6  -7  -8  -7  -6  -8  -8   -8  -6  -5  -5  -5  -5  -6  -7

26   -3  -1   2   4   6   6   3  -2   -4  -4  -5  -1  -1  -3  -2  -3   -4  -1   2   3   3   4   7  13
27   12  14  16   9   3   0  -2  -3   -2  -3  -3  -3  -3  -4  -6  -4    1   5   4   6   1   0  -1   0
28   -1  -1   1   3   1  -1  -1  -3   -3  -6  -7  -5  -2  -4  -4  -5   -7  -6  -7  -8 -10 -10 -13 -13
29  -11  -9  -5  -1   1   3   4   3    0  -3  -5  -5  -7  -8  -7  -3    2   5   7   6   2  -4  -9  -7
30   -6  -6  -4  -1   2   3   4   3    2   2   3   5   9  11   8   1   -7  -5  -1  -1   0  -2  -5  -2

31    2   6  12  12   9   8   9  11   10  10   6   5  11   9   3   0   -4   0   4  -1  -6 -10 -10  -9