 1  -10 -14 -14 -12 -14 -15 -15 -15  -19 -24 -25 -19 -15  -9 -10 -13  -13 -13 -11 -10 -11  -8  -9 -10
 2  -11  -9  -9 -10 -11 -13 -14 -16  -20 -19 -15  -9  -5  -5  -9 -13  -13 -11  -8  -8  -8  -8  -6 -14
 3  -10 -12 -17 -17 -14 -14  -9 -23  -20 -19 -14 -11  -7 -10 -14 -14  -13 -10  -6  -7  -9 -11 -17 -19
 4  -22 -29 -32 -29 -28 -23 -18 -18  -20 -19 -17 -15  -8 -10 -12 -17  -17 -16 -17 -15 -12 -12 -11 -11
 5  -11 -12 -15 -18 -21 -25 -27 -25  -19 -17 -15 -15 -10 -11 -12 -12  -13 -13 -11 -10 -11 -10  -9  -9

 6   -9  -9 -11 -12 -11 -12 -12 -11  -11 -11  -9  -8  -9  -9 -10 -10   -9  -7  -7  -8  -8  -7  -6  -7
 7   -7  -6  -6  -5  -4  -5  -7  -5   -5  -6  -4  -2   0   1   0  -1   -2  -2  -2  -3  -4  -4  -5  -7
 8   -6  -5  -5  -5  -4  -4  -4  -3   -4  -3  -1   1   1   1  -1  -3   -2  -2  -1   0   1   0  -1  -4
 9   -5  -4  -3  -1   0  -1  -2  -3   -2  -1   2   3   4   5   4   4    2   1   1   2   3   5   6   5
10    3   1   0  -1  -1  -3  -5  -4   -4  -3  -2  -3  -5  -4  -4  -3   -3  -2  -2  -3  -3  -2  -1   0

11    0   0   0   2   4   5   5   4    4   5   5   3   4   7  10   9    8   7   6   6   6   6   5   8
12   11  14  15  16  14  11  13  14    9   8   8   7   6   8   7   4    7   9   7   3  -4 -11 -10  -7
13   -4  -1   1   0   2   4   5   4    7   6   2  -1   1   4   9   9   11  13  12  10   9   7   2  -3
14   -2   0   1  -4  -8  -9 -12 -12  -12 -15 -18 -14  -9  -1   1   1   -1   1   4   5   4   3   1   0
15   -1  -4  -1   0   2   2   1   2    1   0  -2  -1   4   7   4   0    1   1   1   2   4   5   4   0

16    0   0  -1   1   4   5   7   6    5   3   1   3   4   5   0  -4   -5  -2  -1   1   2   1   0  -1
17   -2  -4  -3  -1  -1   1   3   2    0  -1  -1  -1   1   4   3   4    7   8   7   6   6   5   5   5
18    7   6   4   2   0   4  11   8   -1   2   0   1   7   9   7   8    8   7  -1 -11 -15 -20 -14 -14
19  -14 -17 -12  -6  -5  -7  -8  -8   -8  -6  -7  -5  -7  -7 -18 -19  -16 -17 -22 -21 -18 -18 -14 -13
20  -13 -14 -19 -24 -28 -24 -21 -19  -17 -14 -10 -12  -8  -5  -4  -8  -14 -16 -20 -17 -15 -12  -9 -10

21  -10  -7  -8  -8  -9  -8  -8  -8   -7  -3  -4  -5  -4  -3  -3  -6   -5  -3  -7  -9  -9  -8  -9 -12
22  -10  -9 -10 -13 -10  -9  -6  -2   -1   0  -1  -1   3   4   4   0   -1  -2  -5  -5  -9 -13 -15 -16
23   -9  -5  -7 -11 -13 -14 -16 -15  -12 -10  -8  -8  -6  -2  -1  -1    0  -3  -8  -7  -6  -6  -5  -3
24   -2  -2  -1   1   2   0   0  -2   -5  -4  -2  -4  -1   1   1   1    3   4   4   4   2   0  -2  -1
25    3   2   2   6   4   0  -2  -4   -1   1   2  11  18  13   3  -9   -6 -25 -38 -37 -52 -53 -47 -45

26  -43 -37 -34 -35 -29 -26 -26 -23  -18 -17 -15 -18 -18 -18 -24 -22  -17 -19 -22 -22 -22 -21 -20 -25
27  -24 -20 -20 -18 -13 -13 -11 -10  -14 -18 -24 -24 -17 -14 -13 -15  -17 -17 -18 -18 -17 -19 -20 -20
28  -22 -18 -16 -15 -13 -14 -15 -13  -14 -12 -11  -8  -5  -6  -7  -8  -11 -10 -14 -15 -15 -20 -20 -21
29  -18 -14 -11 -10  -6  -6 -10 -10  -11 -14 -18 -16 -14 -14 -18 -18  -16 -12 -17 -19 -21 -20 -17 -15
30  -21 -25 -26 -23 -26 -26 -25 -20  -19 -22 -20 -16 -14 -12 -12 -14  -16 -14 -14 -15 -15 -16 -17 -17

31  -16 -14 -14 -11 -10  -9 -12  -9   -8 -12 -14 -12  -9 -10  -9 -10   -9 -11 -10 -11 -15 -17 -19 -20
