 1  -32 -40 -35 -28 -25 -21 -19 -21  -22 -23 -22 -22 -24 -23 -23 -22  -23 -23 -24 -24 -25 -24 -25 -28
 2  -30 -33 -33 -33 -30 -25 -22 -26  -32 -28 -25 -25 -25 -24 -23 -22  -22 -22 -20 -21 -19 -24 -25 -19
 3  -19 -20 -19 -19 -20 -19 -18 -16  -17 -17 -15 -15 -16 -17 -15 -14  -13 -11 -12 -12 -15 -18 -16 -15
 4  -14 -15 -14 -15 -13 -12 -10  -7   -7  -8 -10  -8  -7  -8  -9  -9  -10  -9  -9 -10  -9  -9  -6  -4
 5   -7 -11 -12 -12 -12 -10  -8  -6   -6  -5  -7 -11 -14 -15 -15 -12   -9  -5  -6 -13 -12  -8  -9 -16

 6  -21 -22 -17 -14 -11  -9  -9  -8   -7  -7  -9  -9  -8  -6  -4  -3   -2  -2   1   1  -3   0   2   0
 7   -4  -6  -5 -12 -14 -14 -20 -26  -30 -31 -24 -30 -28 -27 -19 -22  -22 -22 -24 -28 -30 -28 -30 -28
 8  -26 -28 -28 -25 -24 -24 -22 -20  -19 -20 -22 -23 -23 -22 -17 -17  -17 -15 -15 -15 -16 -17 -16 -17
 9  -19 -20 -21 -20 -16  -8 -13 -23  -30 -30 -27 -25 -25 -23 -20 -17  -21 -21 -20 -27 -37 -51 -45 -40
10  -40 -41 -32 -29 -30 -30 -26 -21  -19 -18 -17 -22 -23 -20 -19 -17  -23 -29 -30 -36 -33 -36 -35 -36

11  -28 -24 -22 -26 -27 -27 -26 -22  -26 -28 -29 -28 -22 -22 -22 -18  -19 -21 -23 -28 -22 -18 -17 -19
12  -17 -18 -16 -12 -11 -11  -9  -5   -5  -8 -11 -10 -13 -15 -18 -19  -17 -15 -13 -16 -18 -21 -19 -18
13  -13 -11 -13 -17 -20 -15 -11  -9   -9 -10 -10 -14 -19 -18 -14 -13  -12 -15 -18 -18 -17 -11  -6   0
14   10   8   6   8   5   5   6   0    3   2   2  -6  -5  -5  -5  -1   -2  -6  -6  -9  -9  -9  -3  -3
15    0   0  -1  -2  -2   0   1  -2   -4  -6  -6 -10 -13 -14 -12 -12  -12 -13 -12 -10 -11 -12 -12 -12

16  -11 -11  -6  -1  -3  -2   0   2    2   2   0  -5  -9 -10  -7  -2    3  -3  -4  -5  -2  -8  -8  -5
17   -1  -7 -12  -8  -5  -1  -2  -2   -4  -2  -2  -8 -10  -7 -11  -9  -14 -12  -4  -8 -13 -14 -18 -16
18  -17 -18 -16 -16 -19 -15 -12 -11  -15 -15 -18 -20 -19 -16  -6  -2   -1   5   3  -2  -5  -7  -9 -11
19  -11  -7  -5  -5   0   3   3   3    0   0   0   1  -2   0   2   1    0   3   3   5   5   1   0   1
20    1  -6 -13 -14 -10  -9 -14 -17  -17 -21 -18 -13 -14 -21 -23 -20  -17 -20 -25 -29 -26 -24 -25 -25

21  -23 -23 -19 -26 -31 -24 -20 -23  -26 -22 -20 -21 -19 -14 -10  -9  -13 -23 -28 -28 -26 -26 -24 -27
22  -33 -25 -21 -20 -23 -21 -23 -25  -27 -27 -26 -22 -22 -19 -19 -21  -25 -22 -21 -21 -18 -17 -14 -14
23  -16 -13  -9  -8 -11 -17 -19 -17  -15 -15 -14 -13 -13 -11  -9  -8   -9 -13 -13 -14 -12 -14 -16 -16
24  -16 -15 -14 -10  -8  -6  -5  -6   -5  -5  -8 -10 -11 -11 -11 -10  -10  -8  -9  -9  -6  -1  -1  -3
25   -4  -4  -5  -7  -7 -10 -10  -8   -7  -5  -3  -1   0   2  -1  -4   -4  -5  -6  -3  -2  -4  -8  -8

26   -3   0   4   4   4   3   2   2    5   3   2   1   3   3   4   5    4   3   2   2   4   3   3   2
27   -3  -8  -5  -3  -2  -3  -7  -5   -6  -5  -4  -4  -5  -1  -2  -3   -3  -5 -12 -12 -11  -9  -7  -9
28   -7  -2   0  -1   0   0  -3  -5   -6  -9  -8  -5  -3  -3  -4  -8   -9 -10 -13 -12 -11  -9  -5  -1
29    3   5   1  -2  -1  -2  -1  -1   -2   0  12  13  14  17  12  17   17  18  16  13   5   6  10  17
30   18  17   1  -6  -6  -3 -12 -26  -39 -38 -30 -31 -39 -47 -59 -70  -78 -81 -82 -93 -107 -117 -129 -117

31  -90 -82 -84 -75 -75 -73 -64 -77  -81 -71 -67 -63 -61 -55 -51 -49  -53 -51 -49 -48 -49 -45 -41 -41