 1  -38 -37 -33 -30 -28 -28 -30 -29  -30 -30 -28 -28 -26 -24 -24 -26  -25 -25 -25 -24 -24 -25 -25 -25
 2  -23 -18 -16 -16 -17 -15 -15 -17  -22 -23 -21 -18 -16 -16 -19 -21  -18 -16 -16 -16 -18 -21 -23 -21
 3  -17 -15 -14 -11  -8  -6  -6  -9  -10 -10  -8  -6  -6  -5  -3  -3   -4  -7  -6  -3  -3  -4  -4  -4
 4   -2   3   4   0   0   2   1   0    1   5   5   5   6   3   2   5    2   6   6   8   9   9  10   8
 5    9  11  12  11  11  10   8   5    4   8   6  -4  -5  -8  -5   1   -4  -9 -29 -29 -19 -13 -11 -11

 6   -6  -2  -1   0  -2  -4 -11 -14  -21 -25 -19  -8 -11 -19 -23 -22  -23 -25 -22 -19 -11  -7  -4  -4
 7   -9 -10  -6 -10 -17 -21 -28 -27  -26 -25 -20 -18 -19 -18 -19 -21  -19 -17 -18 -18 -11  -7  -6  -4
 8   -6  -9 -16 -19 -20 -24 -26 -25  -18 -16 -15 -16 -18 -16 -18 -18  -16 -14 -13  -9  -5  -4  -4  -5
 9   -5  -6  -7  -7  -5  -4  -1  -1   -4  -3  -1   1   1  -1  -3  -3   -3  -4  -1   2   5   8   8   9
10    6   3  -1  -6  -8  -8  -7  -7   -6  -5  -6  -3  -3  -4  -7  -8   -7  -6  -5  -4  -4  -2  -1  -1

11   -3  -3  -2   1   1   1   0   0    1   2   4   4   6   5   4   2   -1  -2  -4  -4  -4  -3  -2   2
12   -1  -3  -2  -1  -5  -4  -3  -2   -3  -4  -4  -3  -3  -4  -4  -1    0   4   3   4   6   3   3   3
13    3   4   6   7   8   7   5   3    1   1   0   2   1  -1   0   3    3   1  -1   0  20  22  25  29
14   23   4   3   4  -9 -22 -30 -27  -19 -11 -22 -38 -36 -21 -10  -4   -1  -3 -20 -13 -27 -43 -45 -35
15  -37 -32 -34 -37 -31 -28 -27 -26  -22 -21 -23 -28 -26 -21 -19 -16  -20 -21 -21 -18 -15 -12 -10 -14

16  -15 -12 -14 -20 -23 -22 -24 -20  -16 -23 -25 -22 -18 -19 -17 -16  -16 -21 -18 -18 -11 -12 -10  -5
17   -1  -8 -15 -24 -26 -26 -32 -32  -29 -26 -26 -33 -28 -20 -22 -26  -26 -18 -15 -13 -11 -11 -13 -15
18  -18 -21 -25 -21 -32 -33 -26 -23  -20 -21 -24 -20 -20 -10 -11 -12  -14 -16 -16 -11  -5  -2   1   2
19    2  -1  -1  -3  -5  -5  -5  -4   -5  -5  -7  -5  -4  -4  -3  -2   -1  -5  -9  -9  -8  -8  -7  -7
20   -7  -5  -1   0   2   4   5   4  -10  -8  -6  -2   0  -6  -7  -9   -9  -8  -7  -4  -1   4   6  10

21    9   4  -1  -8 -18 -19 -11  -6   -8 -10  -6  -2  -1  -2  -1  -1   -5  -5  -6  -4  -5  -3   0   4
22    3  -2  -5  -7  -5  -1   3   5    4   5   5   6   0  -7 -18 -19  -21 -26 -32 -33 -26 -26 -29 -31
23  -37 -38 -31 -32 -30 -29 -22 -17  -13 -13 -13 -12 -12  -8  -7  -8   -7  -8  -9 -11 -12 -12 -13 -17
24  -16 -18 -24 -24 -20 -14 -13 -13  -13 -13 -15 -13  -9  -5  -3  -3   -6  -4  -8  -9  -9  -6  -5  -6
25   -5  -2   0   0   0  -1   0   0    0   0   0  -2  -3  -4  -5  -4   -4  -8 -10 -12 -11  -7  -1   1

26    1   2   3   2  -2  -2   1   3    4   5   6   8   8   9  10  11   10   6   4  -1   0   0   1   2
27    2   4   6   7   7   8  10  11    8   8   6  -4  -9  -4  -1   6    5  -5 -10  -9  -3  -1   0   2
28    2   2   1  -2  -2  -1   4  -4   -8  -5  -4  -2   0   3   6   9    9   8   6   4   5   0   2   2
29    4   6   8   8   8   9  12  10    8   6   5   7   6   5   6   8   10  11   7   7   4   3   4   5
30    8  11  11  11  11  12  13  14   13  14  15  14  14  14  14  12   12  12  11  10  11  12  14  17