 1  -18 -19 -31 -33 -32 -31 -24 -23  -19 -19 -14  -9  -8  -7  -6  -4   -6  -5  -4  -4  -6 -11 -13 -13
 2  -10 -12 -12  -5   1   4   6   7    7   4   9   6   6   7   3   1   -2  -2   0  -2  -2   2   1  -4
 3   -7 -10  -6   1   6   6  12   8    1  -1  -1   2   6  10   9   8    9   8   5   3   5   6   9   6
 4    8  12   9   0  -6  -5  -6  -2    0  -5  -3  -1  -4  -4  -4  -2   -3  -1   1   0  -3  -4  -1   0
 5    1  -3  -4  -3  -4  -5   0   0   -3 -12  -3  11  14  14   7   5    6   4  -1  -3  -1  -5  -4  -1

 6    1   1  -1   0   1   1   1  -1   -5  -4  -3  -5  -4  -1  -2   1    4   6   3  -4  -3   1   3  -3
 7  -12 -13 -13 -14 -14 -12 -13 -12  -11  -6  -6  -3  -1   2  -1  -8  -11  -7  -2  -4  -6  -5  -5  -5
 8   -8  -5  -3  -2  -2   2   7   8    4  -3  -6  -5   0   0  -3  -4   -7 -10 -14 -12 -13 -10  -6   0
 9    1  -1   0   1   1  -4  -3   2    5   6   6   4   3  -1  -3  -4   -3   0   0   0   3   5   6   6
10    6   5   3   5   2   2   2   5    5   4   6   8   8   7   4   0   -1   0   2   2   2   2  11  15

11   10   6   7  11   8   3   3   5    9   9  10  13  14  13  10   8    9   9  13  10   8   3   0  -9
12  -11 -19 -23 -18 -27 -20 -13  -9  -10  -4  -2   1   1   1   0  -1   -1   1  -2  -3  -4  -1   3   3
13    2   3   2   5   0  -7  -9  -9  -18 -17  -9  -2  -2  -3  -3  -4   -8 -14 -18 -19 -14  -9  -8 -11
14   -9  -8  -9 -10 -14 -15  -9  -3    1   1   4   8   7   2  -2  -2    5  11   9   7  11  15  16  12
15    2 -11 -18 -17 -11 -14 -18 -17  -10  -8  -6  -3  -2  -2  -3  -5   -5  -3  -2  -2  -5  -7  -6  -8

16   -7  -5  -4  -7  -8  -8  -7  -4   -2   0   0   2   2   1  -1  -4   -5  -3  -1   0   0  -3  -5  -1
17    4   5   7   9  10   7   6   5    5   8  11  12  12  11  14  11    9   7   8   8   8   9   7   7
18    8  13  12  12  13  13  14  17   15  11  14  17  18  15  15  18   19  22  22  21  22  23  25  26
19   25  24  23  21  18  14  13  11   11  12  15  17  15  15  18  11    5   6   1   1   5   6   3   8
20   11  12  16  15  18  15   1  -2    7   5   0  -9  -1   2   5   4    2   1   4   4  -7 -13 -10  -5

21   -6  -1   4   1   1   0  -2  -7   -5  -2   2   3   2  -1   1   2    4   7  10   8   5   2   4   7
22    3   4   4   6   5  -2   4   4   -1   2   3   4   3   4   4   1    2   5   5   7   9  11  10  11
23   13   9  12   5   0  -4  -5  -1    3   3   7   8   8   9  10   5    3   2  -3  -3   4   2   1  -2
24    2  -2   0   3   3   4   3  -6  -11 -14  -5  -4  -9  -9  -8  -7   -5  -3  -3  -3  -1   0   2   3
25    2   1   1   2   2  -1  -3  -3    0   0   2   2  -1  -4  -4  -4   -3  -1  -2  -3  -2   1   2   3

26    4   5   5   5   5   6   5   6    7   8   7   6   7  10  13  12   12  12  12  10  11  15  16  16
27   15  13  11  10  12  12   9   8    7  10   9   8   7   8   8  11   11  12  13  12  14  16  18  16
28   15  11  10  11  13  14  15  15   15  15  10  10  16  17  17  16   13  10  -1 -10 -18 -25 -29 -27
29  -25 -21 -16 -19 -25 -23 -15  -9  -11  -1  -6 -14 -12  -7  -5  -3   -5   0   2   3   2  -1  -6   0
30    0  -1  -1   0   2   5   6  10   14  13  10   3   3   6   8   8    6   2   0  -4  -8 -11 -11  -6

31    0   0   1   0   0  -2  -2  -1    1  -1   2  -1  -2  -5  -3  -1    1   3   2   0  -2  -2   0   2