 1   -6  -4  -2  -2  -3  -3  -3  -1   -1   0  -2  -5  -6  -9  -7  -3   -1  -1  -3  -6  -5  -2  -1  -1
 2   -1   1   4   7   9  10   7   9   11  10   8   4   5   6   5   2    1   0   2   4   4   4   3   5
 3    7   9   5  -2  -6 -11 -10 -12  -11  -7  -8  -6  -1  -6  10   5  -15 -39 -64 -80 -69 -82 -92 -104
 4 -117 -99 -79 -73 -68 -64 -61 -56  -50 -41 -39 -36 -25 -21 -20 -10  -14 -14 -12  -8  -8 -15 -18 -10
 5  -11  -9  -6  -4  -2  -1   0   1    4   3  -2  -3   0  -6 -17 -16  -11 -32 -51 -62 -60 -57 -57 -52

 6  -57 -57 -39 -33 -35 -50 -58 -52  -46 -44 -47 -50 -45 -47 -43 -42  -44 -47 -46 -42 -38 -37 -36 -36
 7  -33 -30 -29 -26 -26 -21 -18 -18  -17 -20 -25 -27 -25 -23 -20 -19  -22 -21 -22 -23 -20 -25 -27 -29
 8  -28 -23 -20 -18 -16 -19 -18 -18  -21 -21 -25 -24 -19 -20 -21 -21  -25 -25 -27 -24 -20 -20 -19 -11
 9   -8 -15 -14 -19 -27 -19 -10 -18  -14 -20 -16 -11  -8 -10 -13 -13  -13 -12 -13 -10  -9 -13 -12 -11
10  -10  -9 -10  -8  -6 -10 -15 -14  -12 -16 -16 -13  -7  -5  -5  -5   -4  -3  -3  -5   1  -8 -12  -7

11  -11 -16 -28 -22 -15 -11  -9  -4   -8  -9 -11 -11 -10  -9  -8 -10  -15 -19 -17 -15 -15 -19 -18 -17
12  -22 -25 -20 -15 -11 -10 -17 -14   -8 -12 -11  -8  -7  -7  -9 -12  -11 -10  -2  -7  -5  -5  -7 -10
13  -14 -15 -12  -7  -6  -8  -8  -7   -6  -8 -10  -8 -11 -13 -11 -10  -12 -11 -10 -10  -7  -8 -10  -9
14   -9  -8  -8  -5  -3  -2  -2  -4   -4   0   0   3   3   0  -1  -3   -4  -5  -8  -9  -9  -5  -4  -1
15   -1   0   1   1   4   7   9  12   11  13  14   6   1  -1  -3  -5   -6  -6  -7  -7  -7  -7  -8  -8

16   -6  -3   1   7   3  -1 -17 -28  -30 -30 -23 -25 -28 -26 -22 -21  -17 -19 -17 -19 -20 -19 -18 -15
17  -13 -12 -12 -11  -9  -4  -4  -2   -2  -4  -5  -4   0   1  -1  -1   -2  -3  -7 -13 -18 -18 -11 -11
18   -9  -9  -7  -5  -6  -9 -10  -7   -6  -7  -9 -12 -11 -14 -18 -15   -8 -10 -17 -18 -16 -14 -14 -15
19  -15 -14 -14 -12  -7 -10 -10  -8   -8  -6  -7  -7  -4   1   2  -1   -4  -6  -6  -5  -7  -8  -8  -6
20   -4   1   3   4   6   7   5   3   -1   0   2   4   4   5   9  11   11  14  15  17  16  16  19  17

21    7   7   9  11  10   7  10   9    8   6   4   2   0   0   2   1    3   4   2   1   5   5   5   5
22    7   8   9  11  16  15  16  14   12  14  15  15  12  14  15  14   15  17  16  16  19  18  16  15
23   14  13   7  12   9  13  19  24   16  -2   2  11   8 -13 -28 -36  -32 -26 -21 -21 -22 -28 -24 -22
24  -19 -15 -13 -11 -11  -8  -7 -11   -7   7   0  -1   4  -4  -3  -2    0   4   3   2  -1  -5   0   0
25    0  -2  -2   1  -3  -5  -7  -6  -15 -18 -20 -14  -8 -10 -12 -14  -12  -7  -6  -3  -2  -4  -6  -6

26   -7  -8  -9  -8  -4  -4  -1  -1   -3  -1   0   1   0  -3  -5  -6    5   8   8   0   0   1   4   4
27    2   2   4   7  12  16  17  15   14  12  13  15  16  18  14   8    7   5   4   6   7   7   6   2
28    2   2   5   7   9  11  13  12   12  14  15  18  19  16  13   9    2   5   3  -2  -8  -8  -8  -7
29   -7  -7  -6  -2   0  -2  -2   1    1   0   0   3   6   5   4   2    2   3   3   1   3   5   8  11
30   11   8   1  -5 -10 -15 -12  -8  -11  -7  -3  -2  -1  -2   2   7    9  16  15  16  -5 -21 -34 -23