 1  -51 -46 -45 -41 -36 -35 -33 -32  -31 -29 -31 -35 -34 -32 -32 -27  -29 -30 -34 -33 -31 -30 -31 -30
 2  -23 -21 -23 -24 -23 -19 -17 -16  -17 -20 -18 -16 -12  -8  -5  -2   -3  -2   7   7  -7 -17 -17 -18
 3  -20 -20 -19 -24 -30 -21 -17 -18  -16 -14 -16 -27 -29 -26 -23 -21  -23 -34 -38 -28 -29 -28 -28 -22
 4  -18 -16 -13 -13 -18 -20 -11  -7  -13 -11 -15 -26 -27 -23 -21 -19  -19 -20 -25 -20 -21 -22 -20 -21
 5  -19 -19 -18 -18 -17 -21 -22 -17  -17 -15 -15 -17 -18 -15 -15 -15  -15 -15 -14 -13 -13 -14 -17 -17

 6  -18 -18 -20 -21 -18 -15 -14 -15  -16 -26 -26 -21 -17 -17 -18 -24  -26 -25 -21 -19 -23 -23 -22 -24
 7  -21 -18 -17 -15 -13 -11 -11 -12  -12 -10 -12 -13 -14 -14 -14 -13  -12 -12 -14 -13 -13 -12 -13 -11
 8  -10  -9  -7  -8  -8  -8  -7  -5   -4  -6  -7  -8  -6  -5  -4  -5   -4  -4  -7  -8  -8  -9  -7  -9
 9  -10  -9  -5  -1   2   0  -4  -5   -3  -1  -2  -2  -4  -4  -3  -4   -7  -7  -7  -6  -7  -5  -4  -4
10   -5  -5  -5  -4  -2  -1   0  -1   -3  -3  -4  -5  -3  -3  -2  -1    0  -4  -7  -9 -10  -8  -4  -3

11    2   3   5  -3  -6  -5  -2  -3   -1  -2  -5  -6  -5  -6  -5  -6   -9 -10 -11  -9  -5  -2  -3  -6
12  -11 -12 -10 -12  -9  -6  -8 -15  -21 -23 -24 -26 -27 -22 -18 -13  -16 -19 -16 -17 -17 -16 -17 -15
13  -14 -13 -14 -20 -25 -26 -24 -21  -23 -27 -28 -31 -32 -35 -39 -42  -42 -36 -31 -30 -29 -27 -22 -20
14  -17 -22 -29 -33 -32 -31 -28 -25  -20 -22 -21 -17 -15 -16 -18 -18  -16 -15 -14 -17 -22 -23 -18 -16
15  -15 -14 -12 -12 -14 -16 -17 -16  -17 -14 -13 -14 -16 -16 -16 -13  -12 -12 -11 -11 -10 -10 -10 -12

16  -14 -12 -11 -11 -10  -8  -6  -3   -2   1   1  -3  -3  -7  -8  -8   -9  -5  -4  -1  -1  -3  -7  -8
17   -9  -7  -7  -7  -6  -6  -8 -10   -9  -8  -6  -4  -4  -4  -4  -3   -3  -1  -1  -1  -2  -1   1   2
18    4   6   6   3   1   1   4   6    6   6   3   0   0   1   0  -1   -3  -2   7  12  11  12  17  13
19   11   8   2   4   6   8  10  12   14  14  12  16  19  22  25  15   -2 -11 -10 -12 -24 -31 -36 -27
20  -23 -22 -18 -16  -9 -13 -14 -10  -15 -20 -24 -20 -17 -15 -14 -10   -9 -11 -12 -11 -13 -11 -11 -15

21  -14 -14 -15 -19 -21 -18 -14 -13  -10  -9  -9  -9 -10 -11 -10  -9  -10 -12  -8  -7  -3   0   2   1
22    1   1   1   0  -2  -2  -3  -2   -4  -2  -6 -10 -13 -14 -11 -13  -16 -16 -15 -14 -16 -17 -14 -10
23  -11 -10 -10 -11 -15 -14 -17 -17  -17 -13 -16 -18 -21 -23 -22 -18  -16 -16 -17 -16 -17 -15 -17 -21
24  -24 -25 -24 -22 -22 -22 -23 -18  -11 -12 -11  -8 -12 -17 -20 -21  -21 -19 -21 -19 -18 -20 -20 -23
25  -22 -22 -25 -28 -26 -26 -26 -28  -26 -21 -20 -20 -20 -18 -17 -18  -16 -14 -10 -14 -14 -13 -11 -13

26  -14 -13 -11 -10  -7  -9 -12 -11  -11 -14 -19 -20 -22 -21 -17 -18  -16 -15 -13 -11  -9  -7  -7  -6
27   -5  -4  -7 -10 -11 -11  -8  -5   -4  -6  -8  -6  -4  -3  -3  -2   -5  -6  -2   1   1   1   3   5
28    5   2   1   1   2   0  -6 -13  -12  -7  -6  -7  -5  -5   3   7    8   7   4  13  16   6  -7 -12
29   -9  -7  -5  -4  -6  -7  -6  -5   -4  -5  -8  -8  -7  -6  -4  -2    0   3   4   6   9   9   4  16
30   20   8   3  -3  -3  -2  -5  -4   -8 -11 -16 -16 -11  -5  -4  -5   -5  -4  -5  -5  -3   1   4   1