 1  -10 -10  -8 -11 -15 -16 -12 -13  -14 -12  -7  -2  -5  -9 -11 -15  -13 -11 -11 -10 -13 -17 -12  -7
 2   -8  -5  -6  -3  -3  -1  -8 -20  -21 -18 -10 -10  -4 -14 -16 -15  -14 -15 -18 -13 -10 -13 -11  -6
 3   -3  -2  -7 -13 -24 -25 -31 -33  -34 -27 -22 -20 -14 -16 -12 -15  -19 -16 -18 -18 -16 -15 -11  -6
 4   -5 -11  -9  -8  -9 -10 -12 -18  -21 -16 -12  -6 -10 -17 -22 -22  -23 -23 -23 -21 -20 -18 -15 -12
 5  -11 -12 -14 -16  -9  -4 -11 -14  -14 -15 -18 -10  -4  -7  -7  -6   -5  -8  -8  -5  -4  -2  -6  -4

 6    1   3   1   0  -3 -12 -21 -23  -14 -11 -18 -24 -22 -14 -11 -11  -20 -22 -28 -22 -17 -15 -10  -5
 7   -6 -10 -10  -9  -7  -7 -12 -18  -16 -14 -13  -9  -6  -7  -7  -9  -12 -11 -12 -16 -17 -16 -10  -7
 8   -7  -4   0   4   4   1  -2  -2   -3  -6  -5  -1   0   1   2   2    0   1   4   2   0  -1   0   3
 9    6   8   5   7   6   6   3   1    1   3   4   9   9   5  -5  -9   -9  -9 -13 -22 -26 -28 -26 -26
10  -22 -19 -18 -13  -9  -7  -6  -6   -8 -10  -9  -6  -8  -9  -9  -7   -4  -5  -2  -1   1   1  -1   0

11    5   9   4  -1  -2   0   2   2    2   3   2  -4 -19 -29 -43 -67  -87 -93 -83 -76 -71 -72 -68 -55
12  -47 -38 -30 -24 -25 -35 -40 -45  -49 -43 -49 -49 -39 -32 -32 -37  -46 -42 -38 -38 -35 -41 -50 -46
13  -42 -37 -38 -41 -41 -41 -35 -31  -31 -26 -22 -24 -22 -23 -22 -31  -34 -33 -37 -35 -39 -38 -37 -38
14  -37 -35 -39 -36 -33 -31 -31 -29  -23 -26 -34 -37 -33 -29 -30 -31  -36 -33 -31 -31 -30 -32 -30 -32
15  -32 -33 -38 -40 -38 -34 -34 -37  -28 -33 -44 -42 -33 -30 -31 -34  -38 -42 -38 -33 -34 -31 -32 -35

16  -32 -31 -30 -30 -29 -28 -26 -24  -24 -23 -24 -26 -27 -24 -23 -24  -25 -26 -25 -25 -21 -25 -23 -24
17  -25 -22 -27 -24 -23 -22 -20 -21  -17 -17 -17 -16 -18 -19 -19 -19  -20 -18 -17 -19 -22 -24 -23 -21
18  -22 -20 -17 -15 -17 -18 -15 -16  -15 -11 -12 -14 -13 -11 -10 -15  -18 -14 -11 -14 -23 -22 -20 -23
19  -28 -21 -20 -19 -22 -21 -19 -16  -13 -14 -14 -13 -12  -9  -8 -10   -9  -8  -9 -13 -15 -14 -14 -15
20   -9 -10 -11 -12 -13 -12 -10 -11   -9  -5  -5  -6  -6  -4  -6 -10  -15 -17 -17 -22 -22 -17 -14 -12

21   -8  -5  -6  -2  -1  -2  -2  -2   -2  -1  -3  -5  -5  -7  -4  -3   -5  -4  -3  -1   3   3  -1  -6
22   -8  -7  -3   2   6   4   3   3    2  -1  -5  -3   0  -2  -9  -8   -9  -7  -5  -8 -14 -12  -5  -2
23   -3  -3  -8  -6  -2  -2  -4  -2    0   1   3  -5  -6  -2  -1   2    3   3  -2  -2  -3  -1 -10 -11
24  -13 -10 -12 -11 -12 -11 -15 -13  -10 -10 -13 -16 -18 -18 -22 -20  -19 -19 -20 -20 -22 -18 -14 -11
25  -10  -6  -7  -9 -12 -13 -13 -13  -12 -12 -11 -11 -10  -7  -7  -6   -5  -2  -2   1   4   6   3  -1

26   -2  -5  -4  -5  -7  -5  -4   0    2   1  -2  -2  -3  -2   3   9   13  15  16  17  20  19  19  14
27   10  10   9   3   2   2   1   5   14  10   7   8  12  13  17  19   22  21  18   5 -12 -17 -10   0
28   -1  -6 -11 -10 -14 -16 -22 -22  -19 -10 -13 -23 -24 -19 -12 -11  -11  -8  -9 -12 -16 -20 -26 -20
29  -15 -17 -20 -16 -17 -21 -16 -11   -7  -7  -9 -21 -22 -16 -14 -16  -16 -16 -20 -16 -10 -13 -11 -10